0 0.696094 0.408333 0.017188 0.077778
0 0.091016 0.421528 0.016406 0.079167
0 0.607031 0.365278 0.014063 0.050000
1 0.639871 0.403431 0.011289 0.023167
0 0.705902 0.364042 0.016508 0.058694
0 0.985547 0.654861 0.028906 0.090278
0 0.229297 0.579167 0.014844 0.086111
0 0.536719 0.372222 0.012500 0.058333
0 0.680859 0.473611 0.014844 0.069444
0 0.991797 0.416667 0.016406 0.075000
0 0.242578 0.304861 0.013281 0.059722
0 0.395313 0.477778 0.015625 0.066667
0 0.820312 0.442361 0.017188 0.079167
0 0.654687 0.370139 0.017188 0.068056
0 0.887891 0.527083 0.025781 0.090278
0 0.819922 0.601389 0.017969 0.100000
0 0.578125 0.450694 0.021875 0.076389
