0 0.253906 0.265972 0.015625 0.070833
0 0.707812 0.658333 0.020313 0.102778
0 0.116016 0.246528 0.016406 0.070833
0 0.451953 0.961806 0.027344 0.073611
0 0.423047 0.533333 0.035156 0.075000
0 0.440625 0.304861 0.015625 0.070833
0 0.684766 0.543056 0.014844 0.100000
0 0.276562 0.534028 0.017188 0.095833
0 0.149219 0.399306 0.017188 0.076389
0 0.872266 0.566667 0.027344 0.091667
0 0.760156 0.459722 0.017188 0.083333
0 0.675000 0.363889 0.014063 0.072222
0 0.595703 0.286806 0.013281 0.073611
0 0.474609 0.158333 0.011719 0.052778
0 0.230469 0.636806 0.037500 0.112500
0 0.305469 0.382639 0.020313 0.076389
0 0.603125 0.238889 0.010937 0.061111
0 0.969141 0.589583 0.024219 0.095833
0 0.995313 0.865278 0.009375 0.130556
1 0.288875 0.580278 0.013031 0.024722
0 0.462891 0.452083 0.024219 0.070833
0 0.724609 0.414583 0.024219 0.081944
