0 0.906250 0.345139 0.034375 0.106944
0 0.321094 0.440278 0.023438 0.116667
0 0.169141 0.809722 0.036719 0.150000
0 0.184375 0.634722 0.031250 0.127778
0 0.626953 0.739583 0.039844 0.137500
0 0.748828 0.180556 0.022656 0.097222
0 0.981641 0.445833 0.027344 0.125000
0 0.526563 0.298611 0.025000 0.105556
0 0.460938 0.352083 0.021875 0.106944
0 0.052344 0.181250 0.026562 0.098611
0 0.640625 0.079167 0.020313 0.080556
0 0.608203 0.049306 0.016406 0.079167
1 0.231250 0.878750 0.014531 0.025000
0 0.378906 0.965972 0.023438 0.065278
0 0.590625 0.562500 0.029687 0.122222
0 0.525781 0.861111 0.035937 0.150000
