0 0.666797 0.690972 0.052344 0.170833
0 0.400391 0.507639 0.055469 0.137500
0 0.169531 0.411111 0.039062 0.125000
0 0.467969 0.539583 0.045312 0.129167
0 0.906250 0.547222 0.029687 0.158333
0 0.201563 0.504167 0.043750 0.141667
0 0.521094 0.433333 0.034375 0.130556
0 0.054297 0.421528 0.030469 0.129167
0 0.754687 0.496528 0.028125 0.145833
0 0.363281 0.380556 0.029687 0.105556
0 0.984766 0.543750 0.024219 0.159722
0 0.479297 0.440972 0.024219 0.115278
0 0.661719 0.461806 0.034375 0.134722
1 0.257539 0.559028 0.013984 0.028056
0 0.505859 0.372917 0.032031 0.098611
0 0.037891 0.706250 0.050781 0.198611
0 0.301953 0.571528 0.046094 0.151389
