0 0.543750 0.462500 0.018750 0.091667
0 0.680469 0.643056 0.034375 0.111111
0 0.531680 0.234299 0.019141 0.083403
0 0.246484 0.747222 0.028906 0.122222
0 0.867578 0.633333 0.024219 0.122222
0 0.637109 0.755556 0.030469 0.119444
0 0.338672 0.580556 0.024219 0.102778
0 0.974219 0.852778 0.020313 0.138889
0 0.091406 0.352083 0.017188 0.093056
0 0.100781 0.586111 0.028125 0.105556
0 0.627344 0.888194 0.026562 0.118056
0 0.769531 0.402083 0.021875 0.090278
0 0.844531 0.488194 0.026562 0.081944
0 0.633594 0.584722 0.029687 0.097222
0 0.458984 0.479167 0.019531 0.091667
0 0.680469 0.315972 0.015625 0.068056
0 0.739844 0.335417 0.018750 0.081944
0 0.784375 0.468056 0.023438 0.088889
