0 0.680703 0.400694 0.019219 0.081944
0 0.385937 0.440972 0.026562 0.093056
0 0.888281 0.452778 0.045312 0.088889
0 0.243750 0.547917 0.026562 0.104167
0 0.364453 0.639583 0.035156 0.101389
0 0.639844 0.393750 0.021875 0.065278
0 0.362500 0.354167 0.020313 0.077778
0 0.479297 0.286806 0.021094 0.070833
0 0.946875 0.562500 0.020313 0.105556
0 0.498437 0.528472 0.028125 0.093056
0 0.242969 0.645139 0.029687 0.104167
0 0.589844 0.454861 0.021875 0.081944
0 0.871094 0.618750 0.018750 0.101389
0 0.794141 0.955556 0.028906 0.086111
0 0.700000 0.347917 0.023438 0.073611
1 0.623367 0.417326 0.013031 0.026264
0 0.495648 0.209562 0.021719 0.068014
