0 0.707031 0.460417 0.020313 0.040278
1 0.472391 0.448132 0.013063 0.028708
0 0.564145 0.338465 0.024211 0.076847
0 0.537109 0.535417 0.041406 0.081944
0 0.665234 0.461806 0.042969 0.084722
0 0.806641 0.429861 0.032031 0.090278
0 0.701953 0.767361 0.028906 0.112500
0 0.381641 0.386806 0.024219 0.070833
0 0.613281 0.243750 0.026562 0.068056
0 0.498828 0.418056 0.036719 0.080556
0 0.457813 0.358333 0.029687 0.066667
0 0.528125 0.296528 0.029687 0.062500
0 0.573828 0.405556 0.028906 0.077778
0 0.480469 0.324306 0.023438 0.062500
