0 0.954688 0.225694 0.020313 0.068056
0 0.631250 0.206944 0.017188 0.058333
0 0.580078 0.386111 0.019531 0.077778
0 0.452641 0.216535 0.017375 0.069514
0 0.869672 0.172514 0.017375 0.061778
1 0.479145 0.642056 0.016508 0.033972
0 0.285938 0.781250 0.043750 0.123611
0 0.526172 0.888194 0.030469 0.134722
0 0.149609 0.761111 0.032031 0.119444
0 0.944922 0.355556 0.027344 0.075000
0 0.287500 0.503472 0.028125 0.090278
0 0.671875 0.912500 0.035937 0.141667
0 0.431641 0.644444 0.024219 0.102778
0 0.777734 0.927778 0.030469 0.130556
0 0.221094 0.485417 0.026562 0.093056
0 0.505078 0.746528 0.036719 0.112500
0 0.085547 0.702083 0.021094 0.118056
0 0.665234 0.472917 0.021094 0.081944
0 0.943750 0.770139 0.032813 0.131944
0 0.458984 0.493750 0.016406 0.093056
0 0.458984 0.588889 0.021094 0.105556
0 0.483711 0.749306 0.028359 0.120833
