0 0.851562 0.961111 0.029687 0.077778
0 0.160547 0.752083 0.030469 0.137500
0 0.391797 0.591667 0.024219 0.133333
0 0.351562 0.399306 0.021875 0.106944
0 0.867578 0.647222 0.025781 0.125000
0 0.880859 0.472222 0.022656 0.113889
0 0.504687 0.404861 0.018750 0.104167
0 0.741797 0.559722 0.028906 0.122222
0 0.571875 0.365972 0.018750 0.104167
0 0.637500 0.744444 0.021875 0.147222
0 0.274219 0.280556 0.028125 0.077778
0 0.605469 0.264583 0.017188 0.087500
0 0.535547 0.352778 0.019531 0.088889
0 0.812891 0.375000 0.014844 0.105556
0 0.371875 0.231944 0.014063 0.080556
1 0.250215 0.325986 0.016055 0.030500
