0 0.800391 0.265972 0.019531 0.101389
1 0.273047 0.449306 0.011719 0.020833
0 0.562227 0.208611 0.022891 0.082778
0 0.717969 0.106944 0.017188 0.075000
0 0.814844 0.261806 0.017188 0.098611
0 0.575781 0.375000 0.029687 0.127778
0 0.834375 0.848611 0.070312 0.188889
0 0.485938 0.450694 0.028125 0.131944
0 0.694531 0.368750 0.026562 0.126389
0 0.977344 0.157639 0.026562 0.087500
0 0.482812 0.271528 0.025000 0.095833
0 0.019531 0.209722 0.020313 0.100000
0 0.221094 0.350694 0.031250 0.112500
0 0.239063 0.406250 0.034375 0.118056
0 0.185547 0.229167 0.019531 0.100000
0 0.685547 0.570833 0.030469 0.158333
0 0.418750 0.195833 0.018750 0.086111
