0 0.079875 0.502076 0.020125 0.093542
0 0.573988 0.482083 0.017383 0.095250
0 0.383949 0.967493 0.023555 0.065014
0 0.341125 0.569167 0.027234 0.076500
0 0.817230 0.500792 0.021352 0.088278
0 0.122488 0.527049 0.017664 0.085014
0 0.840734 0.364764 0.017469 0.079944
0 0.705797 0.695542 0.017406 0.116944
0 0.333051 0.370861 0.019086 0.074028
0 0.513879 0.268535 0.015914 0.072014
0 0.232148 0.342160 0.021219 0.079319
0 0.358695 0.414646 0.021359 0.085375
0 0.723793 0.230910 0.011102 0.065875
1 0.677695 0.750903 0.017422 0.029306
0 0.347516 0.479111 0.024328 0.069500
0 0.221539 0.285264 0.017375 0.074139
0 0.231031 0.865146 0.045891 0.128403
0 0.469828 0.641458 0.019609 0.101778
0 0.052988 0.734257 0.038008 0.097819
0 0.252832 0.515333 0.025117 0.092778
0 0.175559 0.353146 0.017555 0.078847
0 0.646703 0.480868 0.017234 0.096431
