0 0.971484 0.399306 0.030469 0.101389
0 0.785547 0.317361 0.027344 0.101389
0 0.592578 0.397222 0.032031 0.105556
0 0.979688 0.520139 0.031250 0.118056
0 0.603516 0.741667 0.036719 0.116667
0 0.298047 0.495139 0.025781 0.120833
0 0.565625 0.558333 0.020313 0.116667
0 0.828125 0.381944 0.021875 0.091667
0 0.452344 0.450694 0.025000 0.115278
0 0.180859 0.612500 0.033594 0.125000
0 0.291797 0.207639 0.022656 0.081944
1 0.226289 0.666875 0.012422 0.024306
0 0.306250 0.773611 0.042188 0.133333
0 0.593359 0.881250 0.041406 0.148611
