0 0.313672 0.289583 0.017969 0.079167
0 0.709375 0.609722 0.042188 0.130556
0 0.116797 0.719444 0.042969 0.141667
0 0.648828 0.661111 0.028906 0.144444
0 0.118359 0.436806 0.032031 0.098611
0 0.631250 0.503472 0.028125 0.109722
0 0.318750 0.963194 0.025000 0.070833
0 0.380859 0.535417 0.027344 0.112500
0 0.570312 0.259722 0.014063 0.072222
0 0.573828 0.388194 0.014844 0.095833
0 0.555078 0.442361 0.021094 0.106944
0 0.551562 0.359028 0.012500 0.093056
0 0.800000 0.355556 0.017188 0.086111
0 0.793750 0.298611 0.028125 0.072222
0 0.787891 0.418056 0.019531 0.105556
1 0.146133 0.469028 0.012891 0.024444
0 0.868801 0.208785 0.013898 0.066458
