0 0.233594 0.159028 0.012500 0.054167
0 0.611328 0.173611 0.022656 0.075000
0 0.868359 0.506250 0.025781 0.095833
0 0.115625 0.641667 0.039062 0.111111
0 0.793359 0.380556 0.021094 0.091667
0 0.343750 0.461111 0.020313 0.088889
0 0.940625 0.727083 0.021875 0.112500
0 0.802344 0.650694 0.020313 0.112500
0 0.911328 0.269444 0.017969 0.075000
0 0.666016 0.379861 0.019531 0.084722
0 0.487109 0.918750 0.025781 0.134722
0 0.314063 0.286111 0.020313 0.083333
0 0.239063 0.437500 0.023438 0.091667
0 0.826953 0.286806 0.022656 0.073611
0 0.950781 0.500694 0.039062 0.087500
0 0.456641 0.697222 0.021094 0.108333
1 0.143766 0.679028 0.013438 0.025556
