0 0.309766 0.328472 0.017969 0.076389
0 0.617578 0.805556 0.027344 0.111111
0 0.322656 0.959722 0.029687 0.077778
0 0.776563 0.467361 0.026562 0.070833
0 0.580469 0.588889 0.025000 0.091667
0 0.457422 0.488194 0.038281 0.079167
0 0.708984 0.871528 0.032031 0.123611
0 0.747266 0.467361 0.017969 0.084722
0 0.864844 0.640278 0.034375 0.086111
0 0.198437 0.947222 0.025000 0.105556
0 0.623828 0.420139 0.027344 0.081944
0 0.695312 0.393056 0.020313 0.075000
0 0.298828 0.728472 0.024219 0.109722
0 0.785937 0.606250 0.034375 0.090278
0 0.524609 0.933333 0.030469 0.133333
0 0.258203 0.220139 0.011719 0.062500
0 0.230078 0.358333 0.017969 0.083333
0 0.530859 0.284028 0.017969 0.073611
0 0.616797 0.289583 0.017969 0.076389
1 0.383203 0.820278 0.013750 0.030556
0 0.630859 0.250694 0.013281 0.065278
0 0.617293 0.240472 0.014742 0.058694
0 0.541262 0.113819 0.017383 0.055611
0 0.332031 0.766667 0.034375 0.111111
