0 0.234375 0.459028 0.023438 0.079167
0 0.780469 0.892361 0.032813 0.140278
0 0.056250 0.515278 0.021875 0.102778
0 0.089063 0.166340 0.018281 0.067958
1 0.773223 0.528507 0.015664 0.035486
0 0.283203 0.191667 0.013281 0.058333
0 0.432422 0.249306 0.017969 0.059722
0 0.289062 0.585417 0.015625 0.087500
0 0.082812 0.272222 0.014063 0.077778
0 0.799609 0.482639 0.017969 0.084722
0 0.503125 0.419444 0.015625 0.075000
0 0.299609 0.310417 0.014844 0.079167
0 0.385547 0.333333 0.016406 0.069444
0 0.557813 0.332639 0.014063 0.073611
0 0.862891 0.298611 0.013281 0.072222
0 0.103125 0.363889 0.023438 0.083333
0 0.530078 0.378472 0.016406 0.087500
0 0.377344 0.418056 0.020313 0.072222
