0 0.560156 0.495833 0.015625 0.088889
0 0.478125 0.831944 0.042188 0.119444
0 0.894531 0.341667 0.023438 0.072222
0 0.942187 0.522917 0.021875 0.095833
0 0.656641 0.624306 0.017969 0.090278
0 0.268750 0.415972 0.017188 0.056944
0 0.381641 0.302083 0.016406 0.065278
0 0.166016 0.422222 0.014844 0.063889
0 0.946484 0.409028 0.016406 0.081944
0 0.710547 0.372917 0.014844 0.065278
0 0.400781 0.368750 0.017188 0.068056
0 0.644531 0.296528 0.010937 0.073611
0 0.916016 0.456944 0.016406 0.094444
0 0.782422 0.306944 0.013281 0.069444
0 0.660547 0.261111 0.010156 0.063889
0 0.532813 0.346528 0.014063 0.065278
0 0.300391 0.279167 0.011719 0.061111
0 0.910937 0.206944 0.009375 0.061111
0 0.523828 0.175000 0.011719 0.047222
0 0.761719 0.153472 0.010937 0.051389
1 0.175039 0.472153 0.011328 0.021528
0 0.390523 0.128493 0.013031 0.054069
