0 0.493789 0.626875 0.023359 0.087083
0 0.353125 0.545139 0.026562 0.073611
0 0.546094 0.666667 0.026562 0.083333
0 0.393750 0.696528 0.034375 0.098611
0 0.880859 0.528472 0.016406 0.081944
0 0.017188 0.353472 0.017188 0.068056
0 0.905078 0.472222 0.017969 0.072222
0 0.667969 0.340278 0.020313 0.058333
0 0.425391 0.446528 0.022656 0.068056
0 0.768750 0.330556 0.015625 0.055556
0 0.665234 0.433333 0.019531 0.072222
0 0.718359 0.979861 0.014844 0.037500
0 0.550000 0.340972 0.014063 0.051389
0 0.023828 0.263889 0.017969 0.058333
0 0.647266 0.641667 0.025781 0.091667
0 0.542578 0.522917 0.022656 0.079167
1 0.479414 0.654958 0.013047 0.025194
0 0.714137 0.307257 0.017055 0.064375
