0 0.564453 0.407639 0.021094 0.093056
0 0.651563 0.686806 0.026562 0.120833
0 0.850781 0.643750 0.025000 0.109722
0 0.937500 0.512500 0.025000 0.116667
0 0.750391 0.959722 0.032031 0.077778
0 0.038281 0.956944 0.032813 0.083333
0 0.142969 0.488889 0.023438 0.102778
0 0.403125 0.610417 0.025000 0.115278
0 0.605859 0.415972 0.019531 0.090278
0 0.643750 0.549306 0.026562 0.118056
0 0.907031 0.379167 0.017188 0.100000
0 0.781250 0.247222 0.025000 0.066667
0 0.404297 0.368056 0.016406 0.083333
0 0.408984 0.472222 0.022656 0.097222
0 0.248828 0.298611 0.022656 0.077778
0 0.181250 0.169444 0.014063 0.066667
0 0.642578 0.209722 0.017969 0.058333
1 0.268445 0.321569 0.012188 0.023167
