0 0.733984 0.222222 0.016406 0.080556
0 0.170703 0.386111 0.030469 0.102778
0 0.385547 0.506250 0.047656 0.098611
0 0.155469 0.646528 0.029687 0.115278
0 0.980469 0.536111 0.028125 0.116667
0 0.137891 0.311806 0.027344 0.101389
0 0.800781 0.796528 0.032813 0.137500
0 0.717969 0.328472 0.029687 0.101389
0 0.953906 0.390278 0.028125 0.102778
0 0.045312 0.280556 0.032813 0.091667
0 0.488672 0.336806 0.022656 0.095833
0 0.205078 0.497917 0.014844 0.126389
0 0.350000 0.413194 0.026562 0.101389
0 0.964453 0.290278 0.019531 0.100000
0 0.838672 0.382639 0.024219 0.101389
0 0.622656 0.413889 0.018750 0.100000
0 0.330469 0.250000 0.018750 0.086111
0 0.482031 0.856250 0.018750 0.068056
0 0.787109 0.209722 0.025781 0.083333
1 0.342461 0.461111 0.012891 0.021111
