0 0.635547 0.404167 0.017969 0.091667
0 0.550781 0.814583 0.037500 0.131944
0 0.057422 0.771528 0.022656 0.123611
0 0.583594 0.550694 0.031250 0.093056
0 0.289844 0.362500 0.023438 0.083333
0 0.143359 0.586806 0.019531 0.115278
0 0.418359 0.417361 0.016406 0.090278
0 0.476172 0.763194 0.024219 0.115278
0 0.191406 0.329167 0.017188 0.077778
0 0.525391 0.503472 0.022656 0.090278
0 0.727734 0.744444 0.025781 0.113889
0 0.391406 0.386806 0.018750 0.090278
0 0.812109 0.566667 0.019531 0.108333
0 0.541016 0.309722 0.016406 0.077778
0 0.711328 0.793750 0.022656 0.126389
0 0.814453 0.338889 0.014844 0.080556
0 0.898047 0.247222 0.017969 0.069444
0 0.365625 0.190278 0.012500 0.063889
0 0.455469 0.252778 0.012500 0.072222
0 0.173828 0.981944 0.027344 0.033333
1 0.465379 0.786146 0.013039 0.030319
