0 0.014063 0.406944 0.020313 0.091667
0 0.901563 0.731250 0.039062 0.129167
0 0.208203 0.684028 0.027344 0.115278
0 0.153906 0.697917 0.037500 0.120833
0 0.603125 0.771528 0.031250 0.112500
0 0.333203 0.463889 0.021094 0.097222
0 0.459766 0.528472 0.024219 0.095833
0 0.320703 0.963194 0.035156 0.070833
0 0.767188 0.402778 0.026562 0.083333
0 0.026172 0.241667 0.017969 0.075000
0 0.630078 0.496528 0.019531 0.095833
0 0.010156 0.661806 0.020313 0.120833
0 0.473828 0.254861 0.016406 0.076389
0 0.069922 0.386806 0.017969 0.095833
0 0.310703 0.311806 0.016719 0.079167
1 0.726680 0.435625 0.010078 0.021528
