0 0.406641 0.461806 0.024219 0.081944
0 0.504687 0.431250 0.034375 0.093056
0 0.290234 0.582639 0.035156 0.106944
0 0.267969 0.538889 0.031250 0.094444
0 0.311719 0.606250 0.037500 0.087500
0 0.692187 0.290278 0.017188 0.080556
0 0.190625 0.350694 0.021875 0.084722
0 0.550391 0.366667 0.022656 0.077778
0 0.316406 0.247917 0.017188 0.076389
1 0.433594 0.689792 0.013906 0.022917
0 0.799219 0.169444 0.018750 0.055556
0 0.590234 0.528472 0.021094 0.087500
0 0.158594 0.553472 0.031250 0.098611
0 0.405469 0.660417 0.032813 0.104167
0 0.761719 0.400000 0.028125 0.088889
0 0.512109 0.651389 0.027344 0.119444
