0 0.223016 0.493444 0.021859 0.096639
0 0.917922 0.444181 0.020781 0.087389
0 0.769266 0.315417 0.017312 0.072222
0 0.325547 0.250694 0.021719 0.069167
0 0.868281 0.277396 0.016875 0.069181
0 0.842223 0.222611 0.011164 0.057889
0 0.789309 0.435861 0.033883 0.094222
1 0.229793 0.547840 0.014773 0.027792
0 0.742828 0.162472 0.017375 0.063333
0 0.369238 0.141625 0.019117 0.061778
0 0.750043 0.953549 0.024461 0.092903
0 0.816473 0.317590 0.015508 0.073875
0 0.967828 0.470646 0.016125 0.094097
0 0.566707 0.510868 0.014773 0.099514
0 0.512289 0.552875 0.018406 0.092389
0 0.901629 0.353722 0.014883 0.075889
0 0.169164 0.823326 0.026266 0.129347
0 0.821867 0.827854 0.036031 0.123681
0 0.698676 0.601868 0.022211 0.104764
0 0.288750 0.447639 0.022188 0.099444
0 0.349547 0.624201 0.017937 0.099486
