0 0.597656 0.137500 0.025000 0.094444
0 0.031641 0.252083 0.033594 0.104167
0 0.435937 0.520833 0.031250 0.116667
0 0.775781 0.397917 0.026562 0.123611
0 0.186719 0.520833 0.026562 0.127778
0 0.599609 0.959722 0.060156 0.077778
0 0.376172 0.197222 0.027344 0.100000
0 0.306250 0.286111 0.029687 0.108333
0 0.386328 0.787500 0.033594 0.155556
0 0.704688 0.218750 0.021875 0.106944
0 0.367969 0.566667 0.028125 0.122222
0 0.499219 0.632639 0.050000 0.118056
0 0.455078 0.086111 0.025781 0.083333
0 0.681250 0.225694 0.018750 0.106944
0 0.499609 0.085417 0.016406 0.084722
1 0.416930 0.831708 0.015547 0.026250
0 0.933984 0.878472 0.052344 0.154167
0 0.885156 0.705556 0.054688 0.127778
