0 0.746484 0.200694 0.016406 0.056944
1 0.441797 0.440229 0.014063 0.030375
0 0.279687 0.175694 0.010937 0.059722
0 0.101172 0.352778 0.021094 0.083333
0 0.160938 0.847222 0.035937 0.127778
0 0.704688 0.611806 0.023438 0.106944
0 0.797656 0.725694 0.031250 0.126389
0 0.870313 0.359722 0.023438 0.088889
0 0.775781 0.330556 0.023438 0.077778
0 0.472383 0.425903 0.031797 0.076806
0 0.828906 0.301389 0.020313 0.072222
0 0.738672 0.427778 0.017969 0.077778
0 0.638281 0.525694 0.017188 0.101389
0 0.527344 0.631250 0.021875 0.101389
0 0.262109 0.274306 0.014844 0.073611
0 0.920703 0.344444 0.014844 0.077778
0 0.455469 0.396528 0.020313 0.079167
