0 0.904297 0.248611 0.017969 0.069444
0 0.600000 0.241667 0.015625 0.072222
0 0.200391 0.228472 0.013281 0.076389
0 0.932422 0.196528 0.017969 0.068056
0 0.744922 0.940278 0.036719 0.119444
0 0.648438 0.357639 0.015625 0.087500
0 0.448047 0.347917 0.014844 0.070833
0 0.574219 0.156944 0.014063 0.061111
0 0.710156 0.627083 0.031250 0.109722
0 0.521875 0.137500 0.010937 0.063889
0 0.695703 0.468056 0.022656 0.100000
0 0.241797 0.448611 0.028906 0.091667
1 0.271063 0.499958 0.015641 0.030889
0 0.411719 0.309722 0.021875 0.075000
