0 0.712109 0.812500 0.036719 0.133333
0 0.428516 0.300694 0.022656 0.090278
0 0.609766 0.561111 0.024219 0.113889
0 0.801953 0.517361 0.016406 0.115278
0 0.344922 0.138889 0.016406 0.063889
0 0.408203 0.050000 0.016406 0.069444
0 0.329297 0.976389 0.033594 0.044444
0 0.710156 0.342361 0.020313 0.101389
0 0.938281 0.106944 0.015625 0.080556
0 0.579297 0.025000 0.016406 0.050000
1 0.216406 0.639375 0.012969 0.024028
0 0.871484 0.377083 0.028906 0.104167
0 0.905078 0.649306 0.025781 0.123611
0 0.433203 0.918750 0.036719 0.148611
0 0.589844 0.829167 0.028125 0.136111
0 0.170703 0.598611 0.021094 0.116667
