0 0.387109 0.765278 0.032031 0.133333
0 0.666016 0.743750 0.024219 0.106944
0 0.934375 0.478472 0.023438 0.093056
0 0.158984 0.949306 0.025781 0.098611
0 0.419922 0.947917 0.035156 0.101389
0 0.703516 0.936806 0.032031 0.126389
0 0.370312 0.953472 0.026562 0.090278
0 0.503516 0.884722 0.030469 0.141667
0 0.019141 0.362500 0.022656 0.083333
0 0.496484 0.578472 0.032031 0.079167
0 0.352734 0.286806 0.025781 0.065278
0 0.442188 0.589583 0.032813 0.090278
0 0.437109 0.420833 0.014844 0.083333
0 0.690625 0.293750 0.012500 0.079167
0 0.120703 0.238194 0.014844 0.059722
0 0.386719 0.466667 0.026562 0.091667
0 0.516406 0.160417 0.020313 0.056944
0 0.461328 0.196528 0.016406 0.056944
1 0.547930 0.609931 0.014453 0.027917
0 0.079297 0.531250 0.027344 0.104167
0 0.840234 0.747222 0.030469 0.127778
