0 0.343172 0.254937 0.015719 0.068764
0 0.651172 0.605556 0.021094 0.097222
0 0.663672 0.365972 0.019531 0.076389
0 0.694922 0.362500 0.019531 0.077778
0 0.625391 0.488194 0.013281 0.087500
0 0.300391 0.572222 0.024219 0.088889
0 0.461328 0.381250 0.014844 0.079167
0 0.162500 0.434722 0.017188 0.083333
0 0.338672 0.422222 0.019531 0.080556
0 0.207422 0.342361 0.027344 0.068056
0 0.587891 0.322222 0.014844 0.069444
1 0.228477 0.373576 0.011641 0.020625
0 0.311355 0.513493 0.016789 0.063208
0 0.841406 0.629861 0.025000 0.109722
0 0.685547 0.892361 0.028906 0.120833
0 0.886719 0.814583 0.026562 0.120833
0 0.896875 0.527083 0.020313 0.098611
0 0.542188 0.402083 0.018750 0.079167
0 0.582422 0.620139 0.022656 0.095833
0 0.867188 0.556944 0.023438 0.097222
