0 0.813281 0.422917 0.015625 0.101389
0 0.357031 0.495833 0.034375 0.094444
0 0.501563 0.379861 0.017188 0.084722
0 0.725781 0.300694 0.018750 0.073611
0 0.501563 0.842361 0.031250 0.143056
0 0.456641 0.720833 0.028906 0.122222
0 0.094531 0.259028 0.015625 0.076389
0 0.992969 0.374306 0.014063 0.090278
0 0.772656 0.647222 0.020313 0.119444
1 0.283805 0.437438 0.013078 0.028708
0 0.859766 0.523611 0.019531 0.108333
0 0.759766 0.347917 0.024219 0.087500
0 0.544531 0.263889 0.021875 0.075000
0 0.046094 0.542361 0.021875 0.115278
0 0.294531 0.388194 0.021875 0.079167
0 0.964063 0.652083 0.023438 0.123611
