0 0.694922 0.257639 0.021094 0.070833
0 0.337500 0.535417 0.025000 0.104167
0 0.328906 0.431944 0.021875 0.091667
0 0.902734 0.545139 0.032031 0.106944
0 0.414453 0.325694 0.024219 0.076389
0 0.899219 0.458333 0.026562 0.097222
0 0.333203 0.296528 0.016406 0.079167
0 0.761719 0.279167 0.018750 0.069444
0 0.533203 0.486806 0.016406 0.095833
0 0.655078 0.298611 0.016406 0.083333
0 0.857422 0.893056 0.027344 0.144444
0 0.106641 0.168750 0.021094 0.068056
0 0.326172 0.230556 0.014844 0.072222
0 0.822266 0.222917 0.013281 0.062500
0 0.581641 0.236806 0.013281 0.070833
0 0.526563 0.302083 0.015625 0.073611
1 0.436789 0.359854 0.014047 0.023347
0 0.751250 0.189569 0.017047 0.071500
0 0.646094 0.397222 0.025000 0.083333
0 0.653125 0.532639 0.023438 0.104167
0 0.848437 0.400694 0.025000 0.084722
