0 0.427105 0.543778 0.025180 0.078472
0 0.517500 0.452937 0.023734 0.088292
0 0.479930 0.276944 0.014094 0.077167
0 0.175734 0.437854 0.020437 0.080542
0 0.248352 0.457125 0.024750 0.091389
0 0.212793 0.505667 0.017930 0.102444
0 0.302027 0.259319 0.014820 0.077083
0 0.539648 0.324028 0.018984 0.081389
0 0.607539 0.187757 0.014031 0.062986
1 0.564285 0.528528 0.013039 0.023167
0 0.526055 0.303028 0.013031 0.078778
0 0.574020 0.487458 0.024352 0.080889
0 0.688332 0.644986 0.016180 0.111361
0 0.618855 0.416611 0.017352 0.088306
0 0.229191 0.341681 0.018398 0.078528
0 0.335570 0.395868 0.020797 0.069569
0 0.176766 0.336799 0.023109 0.080292
0 0.905547 0.360875 0.018516 0.079972
0 0.589453 0.838924 0.050859 0.118736
