0 0.726953 0.367361 0.033594 0.101389
0 0.590887 0.269931 0.022398 0.093472
1 0.625508 0.870417 0.016172 0.029722
0 0.371094 0.175000 0.021875 0.086111
0 0.491016 0.295139 0.024219 0.095833
0 0.352344 0.202778 0.021875 0.083333
0 0.507812 0.207639 0.025000 0.087500
0 0.082422 0.364583 0.019531 0.109722
0 0.251563 0.247917 0.020313 0.093056
0 0.673438 0.415278 0.034375 0.077778
0 0.661719 0.290278 0.032813 0.091667
0 0.590234 0.845139 0.042969 0.151389
0 0.280859 0.643750 0.041406 0.134722
0 0.794141 0.719444 0.039844 0.122222
0 0.524219 0.575694 0.026562 0.118056
0 0.128125 0.625000 0.026562 0.122222
0 0.516016 0.360417 0.025781 0.109722
0 0.278906 0.334722 0.028125 0.105556
