0 0.644570 0.679590 0.025172 0.100569
0 0.475016 0.822646 0.025594 0.120181
0 0.706914 0.499924 0.020578 0.087681
0 0.357883 0.606194 0.022281 0.096250
0 0.383430 0.827868 0.020656 0.120181
0 0.222375 0.496590 0.029516 0.089542
0 0.211191 0.769639 0.038477 0.108611
0 0.316500 0.195639 0.012875 0.063528
0 0.176465 0.283257 0.016664 0.071514
0 0.290457 0.412444 0.023930 0.068611
0 0.650301 0.445222 0.028305 0.076444
0 0.544770 0.228285 0.015352 0.054681
0 0.823629 0.436403 0.012789 0.078972
0 0.614008 0.471111 0.026547 0.071722
0 0.535531 0.347882 0.019328 0.062514
0 0.448695 0.366785 0.024313 0.070125
1 0.462199 0.407319 0.013898 0.027861
0 0.871410 0.268278 0.019117 0.077222
