1 0.387461 0.426354 0.014766 0.029792
0 0.556250 0.397917 0.056250 0.101389
0 0.637109 0.583333 0.036719 0.144444
0 0.100781 0.440278 0.037500 0.127778
0 0.812109 0.655556 0.032031 0.147222
0 0.782031 0.644444 0.026562 0.158333
0 0.401836 0.374097 0.027578 0.114861
0 0.500391 0.846528 0.042969 0.179167
0 0.487891 0.486111 0.041406 0.122222
0 0.855859 0.510417 0.036719 0.151389
0 0.160547 0.632639 0.030469 0.151389
0 0.750781 0.530556 0.031250 0.136111
0 0.676562 0.860417 0.034375 0.170833
0 0.192578 0.795833 0.035156 0.169444
