0 0.092188 0.477778 0.020313 0.097222
0 0.434375 0.505556 0.018750 0.100000
0 0.055078 0.529167 0.016406 0.102778
0 0.778906 0.212500 0.012500 0.063889
0 0.103125 0.249306 0.014063 0.076389
0 0.336328 0.539583 0.019531 0.101389
0 0.495703 0.630556 0.016406 0.100000
0 0.491016 0.352083 0.014844 0.073611
0 0.274609 0.242361 0.013281 0.065278
0 0.538281 0.378472 0.014063 0.087500
0 0.779687 0.481250 0.017188 0.095833
0 0.587891 0.233333 0.017969 0.063889
0 0.370312 0.248611 0.012500 0.063889
0 0.258984 0.376389 0.019531 0.080556
0 0.252734 0.436111 0.028906 0.094444
0 0.461719 0.152083 0.010937 0.056944
1 0.754988 0.519271 0.015633 0.029347
0 0.132812 0.377778 0.031250 0.086111
0 0.830469 0.895139 0.034375 0.134722
