0 0.827734 0.437500 0.025781 0.072222
0 0.061719 0.578472 0.032813 0.112500
0 0.432812 0.656944 0.045312 0.097222
0 0.372266 0.309028 0.025781 0.076389
0 0.843750 0.925000 0.064062 0.136111
0 0.695312 0.453472 0.020313 0.084722
0 0.355078 0.428472 0.022656 0.093056
0 0.026562 0.356250 0.020313 0.090278
0 0.781250 0.189583 0.015625 0.065278
0 0.443359 0.306944 0.017969 0.086111
0 0.219141 0.412500 0.017969 0.077778
0 0.469922 0.221528 0.016406 0.070833
0 0.187891 0.234028 0.017969 0.073611
1 0.802320 0.479097 0.014734 0.026250
