0 0.949219 0.950000 0.021875 0.100000
0 0.315625 0.703472 0.028125 0.106944
0 0.818750 0.674306 0.043750 0.106944
0 0.794531 0.465278 0.021875 0.100000
0 0.401953 0.441667 0.017969 0.086111
0 0.647656 0.956250 0.029687 0.084722
0 0.918750 0.482639 0.025000 0.084722
0 0.761328 0.688194 0.017969 0.118056
0 0.280469 0.356250 0.018750 0.087500
0 0.715234 0.238194 0.014844 0.068056
0 0.481250 0.159028 0.012500 0.062500
0 0.646875 0.320833 0.020313 0.080556
0 0.960547 0.279861 0.019531 0.073611
0 0.832812 0.167361 0.015625 0.065278
0 0.845313 0.299306 0.018750 0.079167
1 0.346875 0.759931 0.014531 0.029028
0 0.771930 0.093743 0.013031 0.055597
0 0.986090 0.106875 0.020852 0.054056
