0 0.494531 0.352083 0.021875 0.090278
0 0.369531 0.443056 0.042188 0.091667
0 0.918359 0.329167 0.021094 0.088889
0 0.454297 0.625000 0.030469 0.108333
0 0.206641 0.759028 0.022656 0.126389
0 0.664062 0.397917 0.023438 0.087500
0 0.587891 0.751389 0.032031 0.130556
0 0.243750 0.597917 0.026562 0.104167
0 0.649219 0.670833 0.028125 0.113889
0 0.406641 0.691667 0.025781 0.102778
0 0.183203 0.238194 0.019531 0.073611
0 0.507031 0.557639 0.018750 0.104167
0 0.491016 0.502083 0.021094 0.104167
0 0.574609 0.282639 0.014844 0.081944
0 0.620703 0.347917 0.016406 0.079167
0 0.933594 0.261806 0.015625 0.079167
0 0.246484 0.159722 0.017969 0.055556
1 0.538234 0.804194 0.014453 0.026111
0 0.491016 0.424306 0.017969 0.068056
0 0.817578 0.075000 0.013281 0.063889
