0 0.017188 0.312500 0.021875 0.102778
0 0.647266 0.384028 0.030469 0.109722
0 0.041797 0.250694 0.021094 0.104167
0 0.663281 0.541667 0.026562 0.119444
0 0.607422 0.638194 0.025781 0.123611
0 0.673828 0.710417 0.042969 0.120833
0 0.864062 0.300694 0.029687 0.106944
0 0.411328 0.093056 0.017969 0.080556
1 0.298047 0.870903 0.013594 0.031528
0 0.782813 0.196528 0.021875 0.087500
0 0.806641 0.163194 0.017969 0.087500
0 0.314453 0.649306 0.028906 0.120833
0 0.543750 0.416667 0.029687 0.116667
0 0.535547 0.513889 0.030469 0.122222
0 0.942969 0.341667 0.026562 0.113889
0 0.977344 0.384028 0.032813 0.104167
0 0.250781 0.810417 0.034375 0.145833
0 0.150781 0.496528 0.026562 0.120833
