0 0.230055 0.836701 0.024609 0.142597
0 0.207008 0.684806 0.026000 0.130667
0 0.065215 0.581597 0.024227 0.119917
0 0.201633 0.286340 0.018031 0.077875
0 0.442699 0.480069 0.020930 0.103833
0 0.236816 0.442236 0.019695 0.106278
0 0.975699 0.474708 0.025977 0.105306
0 0.612707 0.351465 0.019727 0.084486
0 0.663426 0.564590 0.023211 0.112403
0 0.022945 0.447403 0.032766 0.100944
0 0.691484 0.965688 0.023641 0.067903
0 0.986379 0.311403 0.016758 0.080694
0 0.009914 0.566160 0.019469 0.121875
0 0.515211 0.244299 0.014547 0.085181
0 0.404215 0.264472 0.018789 0.071528
0 0.135121 0.220125 0.020836 0.075250
0 0.309016 0.265924 0.011312 0.074764
1 0.584699 0.368674 0.012164 0.027792
