0 0.580469 0.360417 0.018750 0.056944
0 0.542969 0.852778 0.039062 0.119444
0 0.207813 0.681250 0.023438 0.109722
0 0.351953 0.307639 0.016406 0.068056
0 0.900781 0.684722 0.023438 0.111111
0 0.755078 0.581944 0.024219 0.094444
0 0.212891 0.443750 0.017969 0.073611
0 0.498828 0.654167 0.022656 0.105556
0 0.701953 0.449306 0.022656 0.079167
0 0.194922 0.286111 0.013281 0.066667
0 0.465234 0.503472 0.019531 0.084722
0 0.924219 0.400000 0.014063 0.077778
0 0.976953 0.583333 0.027344 0.100000
0 0.478516 0.398611 0.010156 0.077778
0 0.882812 0.446528 0.020313 0.084722
0 0.687109 0.312500 0.011719 0.075000
0 0.670703 0.242361 0.014844 0.059722
0 0.830859 0.363194 0.013281 0.073611
1 0.235875 0.479111 0.013031 0.023167
0 0.736742 0.270597 0.015641 0.069500
0 0.195043 0.185646 0.018242 0.057153
