0 0.050781 0.340972 0.028125 0.101389
0 0.039453 0.424306 0.024219 0.109722
1 0.280039 0.740903 0.017422 0.030972
0 0.989062 0.481250 0.021875 0.126389
0 0.680859 0.313889 0.021094 0.094444
0 0.501953 0.562500 0.036719 0.119444
0 0.812891 0.585417 0.044531 0.140278
0 0.025000 0.535417 0.031250 0.131944
0 0.370703 0.663889 0.035156 0.122222
0 0.261328 0.534028 0.041406 0.115278
0 0.223438 0.711806 0.048438 0.137500
0 0.367578 0.324306 0.024219 0.087500
0 0.267047 0.224354 0.017828 0.081736
0 0.407813 0.411806 0.026562 0.106944
0 0.654297 0.505556 0.027344 0.116667
0 0.757422 0.372917 0.024219 0.104167
0 0.250391 0.328472 0.027344 0.090278
0 0.642578 0.363194 0.024219 0.104167
0 0.544922 0.390972 0.021094 0.101389
