0 0.658203 0.342361 0.013281 0.070833
0 0.207031 0.615278 0.035937 0.100000
0 0.565234 0.560417 0.033594 0.095833
0 0.314844 0.506250 0.020313 0.093056
0 0.222266 0.479167 0.024219 0.086111
0 0.688672 0.612500 0.041406 0.091667
0 0.600000 0.448611 0.035937 0.083333
0 0.618359 0.602083 0.033594 0.104167
0 0.367578 0.340972 0.017969 0.079167
0 0.191016 0.732639 0.047656 0.109722
0 0.482031 0.447222 0.023438 0.069444
0 0.965625 0.466667 0.025000 0.091667
0 0.346875 0.409028 0.018750 0.087500
0 0.883984 0.302778 0.022656 0.069444
0 0.970313 0.672222 0.021875 0.102778
0 0.700781 0.386111 0.020313 0.077778
0 0.547266 0.427083 0.016406 0.076389
0 0.901172 0.433333 0.014844 0.083333
1 0.886328 0.879861 0.046094 0.073611
1 0.529098 0.457486 0.012164 0.026250
0 0.354902 0.207271 0.018242 0.060236
