0 0.572266 0.458333 0.027344 0.091667
0 0.821484 0.913889 0.039844 0.138889
0 0.048047 0.609722 0.027344 0.111111
0 0.455469 0.732639 0.037500 0.120833
0 0.339453 0.699306 0.033594 0.123611
0 0.675391 0.738889 0.038281 0.113889
0 0.101172 0.406944 0.027344 0.094444
0 0.665625 0.602778 0.028125 0.111111
0 0.018359 0.775000 0.030469 0.144444
0 0.781641 0.574306 0.022656 0.112500
0 0.914062 0.416667 0.020313 0.100000
0 0.382031 0.536806 0.023438 0.104167
0 0.549219 0.672917 0.035937 0.115278
0 0.438281 0.392361 0.023438 0.090278
0 0.150781 0.454861 0.026562 0.101389
0 0.830859 0.447222 0.019531 0.108333
0 0.406641 0.541667 0.027344 0.097222
0 0.035156 0.496528 0.026562 0.106944
0 0.595313 0.347222 0.015625 0.077778
1 0.551152 0.464188 0.012617 0.028236
