0 0.082031 0.267361 0.018750 0.081944
0 0.877344 0.445833 0.029687 0.100000
0 0.385937 0.255556 0.031250 0.088889
0 0.418359 0.398611 0.025781 0.088889
0 0.781250 0.604861 0.028125 0.109722
0 0.514453 0.295833 0.027344 0.088889
0 0.482812 0.492361 0.025000 0.093056
0 0.098828 0.421528 0.027344 0.098611
0 0.266016 0.718056 0.035156 0.122222
0 0.532031 0.377083 0.023438 0.090278
0 0.139063 0.194444 0.025000 0.083333
0 0.812500 0.218056 0.020313 0.086111
0 0.599219 0.538889 0.026562 0.088889
0 0.780859 0.250000 0.016406 0.075000
0 0.857031 0.263889 0.028125 0.080556
1 0.303789 0.766181 0.011172 0.022083
0 0.571875 0.079167 0.010937 0.058333
0 0.096094 0.145833 0.017188 0.063889
0 0.553906 0.091667 0.017188 0.066667
0 0.067578 0.057639 0.013281 0.068056
