0 0.466016 0.451389 0.016406 0.055556
0 0.767188 0.301389 0.017188 0.058333
0 0.416188 0.681250 0.025000 0.095833
0 0.711719 0.522222 0.028125 0.083333
0 0.239063 0.220139 0.014063 0.048611
0 0.151562 0.388889 0.015625 0.063889
0 0.485938 0.433333 0.014063 0.072222
0 0.383203 0.286111 0.011719 0.058333
0 0.820703 0.384722 0.014844 0.075000
0 0.597656 0.247222 0.014063 0.052778
0 0.636328 0.295139 0.019531 0.051389
0 0.876563 0.616667 0.037500 0.077778
0 0.584766 0.431250 0.016406 0.062500
0 0.545703 0.231944 0.013281 0.050000
0 0.605859 0.418056 0.014844 0.061111
0 0.838672 0.340278 0.011719 0.066667
0 0.450000 0.427083 0.015625 0.054167
0 0.724219 0.458333 0.017188 0.052778
0 0.724609 0.193056 0.011719 0.052778
1 0.589758 0.474882 0.011031 0.025153
0 0.453328 0.144986 0.013063 0.053667
0 0.645703 0.793056 0.022656 0.108333
0 0.466016 0.822917 0.025781 0.115278
0 0.670004 0.140528 0.013039 0.044750
0 0.385937 0.792361 0.023438 0.112500
