0 0.542188 0.267361 0.010937 0.054167
0 0.308203 0.940278 0.027344 0.116667
0 0.541797 0.796528 0.027344 0.112500
0 0.805469 0.554167 0.017188 0.088889
0 0.405859 0.703472 0.021094 0.093056
0 0.094141 0.470833 0.019531 0.077778
0 0.149219 0.709722 0.035937 0.086111
0 0.573047 0.363889 0.013281 0.069444
0 0.296094 0.600000 0.014063 0.088889
0 0.083594 0.307639 0.021875 0.059722
0 0.115234 0.697222 0.027344 0.091667
0 0.322266 0.481944 0.011719 0.077778
0 0.342187 0.501389 0.018750 0.088889
0 0.062891 0.368056 0.019531 0.069444
0 0.052344 0.544444 0.017188 0.077778
0 0.219531 0.200694 0.009375 0.051389
1 0.786266 0.573319 0.013906 0.023167
