0 0.994922 0.436111 0.010156 0.138889
1 0.227266 0.406319 0.014375 0.020972
0 0.860547 0.236806 0.030469 0.106944
0 0.332422 0.881944 0.038281 0.172222
0 0.764844 0.447917 0.034375 0.129167
0 0.505859 0.434722 0.038281 0.108333
0 0.102344 0.702083 0.046875 0.145833
0 0.875781 0.480556 0.046875 0.113889
0 0.229687 0.485417 0.031250 0.129167
0 0.212500 0.341181 0.031250 0.118472
0 0.394922 0.715278 0.030469 0.141667
0 0.434766 0.399306 0.030469 0.118056
0 0.828906 0.671528 0.032813 0.148611
0 0.926172 0.300694 0.032031 0.109722
0 0.541406 0.404861 0.029687 0.115278
