0 0.894141 0.164583 0.013281 0.048611
1 0.334902 0.852875 0.014805 0.029361
0 0.589480 0.652868 0.026930 0.092681
0 0.745313 0.292361 0.015625 0.065278
0 0.271875 0.498611 0.031250 0.088889
0 0.353906 0.852083 0.035937 0.115278
0 0.224219 0.590972 0.031250 0.093056
0 0.767969 0.586806 0.023438 0.095833
0 0.966016 0.415278 0.025781 0.086111
0 0.371094 0.439583 0.035937 0.079167
0 0.165234 0.613194 0.021094 0.095833
0 0.785547 0.364583 0.017969 0.070833
0 0.603906 0.963889 0.017188 0.069444
0 0.752734 0.228472 0.017969 0.062500
0 0.584180 0.572292 0.023047 0.089028
0 0.405469 0.352778 0.023438 0.077778
0 0.462500 0.497917 0.015625 0.087500
0 0.485547 0.542361 0.016406 0.076389
0 0.508203 0.260417 0.022656 0.068056
0 0.612500 0.332639 0.021875 0.073611
