0 0.439453 0.526389 0.021094 0.091667
1 0.312891 0.752083 0.012031 0.021389
0 0.170703 0.213333 0.014844 0.059444
0 0.439844 0.295139 0.015625 0.065278
0 0.462891 0.436111 0.014844 0.077778
0 0.014844 0.320833 0.017188 0.077778
0 0.880078 0.976389 0.027344 0.044444
0 0.946875 0.370833 0.015625 0.072222
0 0.655859 0.518056 0.019531 0.088889
0 0.234375 0.588194 0.025000 0.093056
0 0.982031 0.392361 0.023438 0.070833
0 0.680078 0.790972 0.021094 0.101389
0 0.832422 0.539583 0.017969 0.095833
0 0.535937 0.742361 0.021875 0.106944
0 0.292578 0.709028 0.022656 0.106944
0 0.738281 0.712500 0.029687 0.111111
