0 0.165934 0.336729 0.020258 0.083931
0 0.668836 0.390285 0.015609 0.093764
0 0.246930 0.675333 0.034641 0.106528
0 0.770988 0.202000 0.014164 0.072944
0 0.517109 0.802944 0.034141 0.128278
0 0.863328 0.281715 0.015359 0.073681
0 0.475141 0.087215 0.011781 0.058931
0 0.989996 0.550160 0.019039 0.109347
0 0.315336 0.207083 0.015250 0.071556
0 0.005430 0.400403 0.010063 0.097889
0 0.021168 0.214549 0.024086 0.077319
1 0.661523 0.841667 0.015078 0.027778
0 0.078187 0.044319 0.019109 0.058694
0 0.196582 0.935090 0.028336 0.129819
0 0.471289 0.925354 0.031203 0.145542
0 0.319363 0.537049 0.022523 0.103847
0 0.417141 0.488882 0.026188 0.101347
0 0.946168 0.406035 0.020836 0.091819
0 0.439617 0.727674 0.019453 0.121597
0 0.682148 0.803049 0.026953 0.125347
0 0.106836 0.473201 0.018969 0.110597
0 0.338527 0.333896 0.015617 0.077986
0 0.073758 0.636868 0.031969 0.108931
