0 0.715234 0.450694 0.024219 0.095833
0 0.132031 0.443750 0.025000 0.106944
0 0.405859 0.421528 0.019531 0.101389
0 0.749609 0.518750 0.027344 0.118056
0 0.621875 0.500000 0.018750 0.105556
0 0.307031 0.557639 0.042188 0.104167
0 0.463672 0.493056 0.022656 0.108333
0 0.547656 0.427778 0.017188 0.094444
0 0.830078 0.313194 0.017969 0.070833
0 0.787500 0.410417 0.017188 0.098611
1 0.162633 0.481014 0.013672 0.028222
0 0.468035 0.395958 0.016930 0.086167
0 0.374609 0.613889 0.036719 0.122222
0 0.716016 0.597222 0.027344 0.125000
0 0.844480 0.254826 0.012758 0.058125
0 0.259375 0.327778 0.025000 0.080556
