0 0.125391 0.328472 0.025781 0.062500
0 0.116797 0.586806 0.017969 0.084722
0 0.380078 0.458333 0.019531 0.080556
0 0.519531 0.408333 0.014063 0.072222
0 0.193359 0.344444 0.017969 0.066667
0 0.360156 0.743056 0.017188 0.105556
0 0.541797 0.968056 0.024219 0.061111
0 0.785547 0.618056 0.019531 0.097222
0 0.673438 0.313889 0.010937 0.061111
0 0.301172 0.221528 0.014844 0.045833
0 0.991016 0.964583 0.017969 0.070833
0 0.004687 0.348611 0.009375 0.072222
1 0.768020 0.646694 0.013898 0.027806
0 0.109766 0.701389 0.032031 0.069444
0 0.056031 0.191819 0.019984 0.057139
0 0.266406 0.409722 0.025000 0.066667
0 0.528516 0.850694 0.032031 0.118056
0 0.277344 0.575694 0.017188 0.093056
