0 0.830078 0.450000 0.024219 0.086111
0 0.369141 0.661111 0.025781 0.102778
0 0.438672 0.543056 0.021094 0.100000
1 0.886328 0.879861 0.046094 0.073611
1 0.649863 0.452076 0.013898 0.027792
0 0.413672 0.658333 0.022656 0.119444
0 0.959766 0.590278 0.021094 0.111111
0 0.723437 0.547222 0.021875 0.100000
0 0.873047 0.580556 0.021094 0.102778
0 0.249340 0.269049 0.022586 0.075681
0 0.746316 0.201861 0.013930 0.061778
0 0.646094 0.352083 0.020313 0.070833
0 0.543359 0.399306 0.028906 0.054167
0 0.427734 0.438889 0.027344 0.075000
0 0.419531 0.496528 0.029687 0.087500
0 0.198828 0.369444 0.021094 0.080556
0 0.578516 0.496528 0.022656 0.084722
0 0.463281 0.465972 0.023438 0.076389
0 0.683984 0.418750 0.022656 0.084722
