0 0.042578 0.828472 0.049219 0.145833
0 0.267578 0.316667 0.032031 0.083333
0 0.978906 0.882639 0.040625 0.137500
0 0.400000 0.645139 0.048438 0.123611
0 0.717578 0.575000 0.047656 0.100000
0 0.808984 0.529861 0.030469 0.131944
0 0.521484 0.379861 0.030469 0.104167
0 0.475000 0.409028 0.031250 0.118056
0 0.622266 0.378472 0.038281 0.101389
0 0.121484 0.232639 0.030469 0.090278
1 0.548828 0.641458 0.013750 0.027083
0 0.881133 0.147917 0.016953 0.073611
0 0.990727 0.527486 0.018547 0.116083
0 0.590234 0.578472 0.033594 0.101389
0 0.250781 0.908333 0.037500 0.155556
