1 0.336711 0.726417 0.017656 0.034306
0 0.141406 0.337500 0.029687 0.102778
0 0.783594 0.278472 0.023438 0.104167
0 0.275000 0.298611 0.025000 0.086111
0 0.464570 0.347847 0.023984 0.095972
0 0.683984 0.740972 0.038281 0.179167
0 0.866797 0.799306 0.061719 0.168056
0 0.383203 0.589583 0.030469 0.143056
0 0.281641 0.675000 0.038281 0.152778
0 0.578516 0.494444 0.044531 0.125000
0 0.793750 0.565972 0.046875 0.123611
0 0.264453 0.418056 0.025781 0.116667
0 0.440234 0.369444 0.025781 0.111111
0 0.388672 0.371528 0.028906 0.104167
0 0.596094 0.410417 0.028125 0.104167
