0 0.965195 0.520340 0.021172 0.124847
0 0.484793 0.315389 0.020852 0.066417
0 0.285398 0.435090 0.019984 0.095764
0 0.203906 0.383958 0.026719 0.084028
0 0.574680 0.462014 0.020984 0.095139
0 0.636465 0.387243 0.021242 0.078931
0 0.010859 0.426431 0.019344 0.085528
0 0.769379 0.374292 0.015289 0.075528
0 0.609781 0.508861 0.018969 0.100500
0 0.525648 0.444306 0.018813 0.083750
0 0.499184 0.642486 0.026523 0.120972
0 0.819961 0.412104 0.023359 0.091708
0 0.322652 0.539465 0.021758 0.101458
0 0.693371 0.705174 0.031992 0.134958
0 0.252543 0.522132 0.020617 0.108653
0 0.577574 0.665292 0.026273 0.126861
1 0.225883 0.411917 0.013906 0.027806
0 0.576023 0.391826 0.017359 0.049403
0 0.619887 0.369479 0.018242 0.075625
