0 0.367512 0.367889 0.020133 0.085778
0 0.251953 0.757639 0.028906 0.134722
0 0.362500 0.459028 0.029687 0.106944
0 0.849609 0.447222 0.027344 0.105556
0 0.541016 0.645833 0.022656 0.122222
0 0.273438 0.427083 0.023438 0.095833
0 0.178906 0.604167 0.020313 0.108333
0 0.506641 0.518056 0.027344 0.100000
0 0.593359 0.272222 0.021094 0.083333
0 0.490625 0.352778 0.018750 0.091667
0 0.575391 0.395833 0.014844 0.091667
0 0.614062 0.413194 0.015625 0.098611
0 0.007812 0.118750 0.014063 0.070833
0 0.644141 0.129861 0.014844 0.065278
0 0.375000 0.327778 0.025000 0.088889
0 0.439844 0.265278 0.015625 0.080556
1 0.265266 0.799431 0.014047 0.032278
0 0.649937 0.054924 0.015047 0.055431
0 0.453293 0.247521 0.017164 0.076847
