0 0.933594 0.441667 0.040625 0.113889
0 0.834375 0.490278 0.042188 0.119444
0 0.272266 0.298611 0.036719 0.094444
0 0.447266 0.435417 0.053906 0.098611
0 0.683984 0.474306 0.033594 0.118056
0 0.603906 0.311806 0.042188 0.109722
0 0.856641 0.151389 0.030469 0.097222
0 0.324219 0.579167 0.037500 0.105556
0 0.685547 0.213889 0.024219 0.102778
1 0.249961 0.905764 0.017578 0.029861
0 0.335938 0.509028 0.042188 0.101389
0 0.391102 0.143208 0.023172 0.067944
0 0.530078 0.793750 0.075781 0.120833
0 0.203906 0.884028 0.051562 0.156944
