0 0.576953 0.418750 0.028906 0.118056
0 0.645703 0.394444 0.022656 0.119444
0 0.031641 0.436806 0.030469 0.126389
0 0.409766 0.316667 0.027344 0.105556
0 0.881250 0.408333 0.026562 0.119444
0 0.520703 0.306944 0.027344 0.094444
1 0.652898 0.329556 0.013141 0.023361
0 0.489844 0.906250 0.034375 0.154167
0 0.510547 0.727778 0.035156 0.147222
0 0.213672 0.687500 0.038281 0.147222
0 0.044531 0.560417 0.031250 0.140278
0 0.145313 0.479861 0.029687 0.129167
0 0.684375 0.286111 0.043750 0.097222
0 0.279297 0.330556 0.032031 0.111111
