0 0.787891 0.488889 0.019531 0.091667
0 0.573828 0.615972 0.025781 0.101389
0 0.906641 0.325694 0.024219 0.084722
0 0.300391 0.501389 0.024219 0.097222
0 0.667578 0.262500 0.016406 0.069444
0 0.345313 0.286111 0.015625 0.075000
0 0.532422 0.447917 0.017969 0.095833
0 0.149219 0.704861 0.023438 0.106944
0 0.561328 0.501389 0.019531 0.094444
0 0.885547 0.654861 0.017969 0.106944
0 0.738672 0.336111 0.013281 0.086111
0 0.377344 0.140278 0.015625 0.058333
0 0.969141 0.234028 0.013281 0.070833
0 0.832031 0.245139 0.010937 0.070833
0 0.825000 0.161111 0.010937 0.055556
1 0.335469 0.533681 0.014063 0.028750
