0 0.933406 0.379278 0.026687 0.103667
0 0.657988 0.518458 0.020836 0.130389
0 0.972902 0.447806 0.025477 0.125250
0 0.629875 0.637687 0.030563 0.141625
1 0.282215 0.448063 0.020852 0.035403
0 0.467285 0.258076 0.017695 0.089153
0 0.966828 0.352639 0.018031 0.086056
0 0.056203 0.490194 0.021734 0.133556
0 0.495953 0.454674 0.023641 0.112875
0 0.256426 0.395778 0.030133 0.107417
0 0.690199 0.404285 0.022039 0.105847
0 0.862023 0.575667 0.035125 0.141806
0 0.393711 0.420569 0.022187 0.118333
0 0.553332 0.684792 0.054602 0.164556
0 0.857281 0.924875 0.045797 0.147306
0 0.887539 0.520333 0.022547 0.131056
