0 0.653906 0.474306 0.017188 0.084722
0 0.457813 0.312500 0.015625 0.080556
0 0.219922 0.274306 0.014844 0.073611
0 0.633984 0.262500 0.022656 0.066667
0 0.677344 0.969444 0.031250 0.058333
0 0.747266 0.334722 0.021094 0.077778
0 0.880859 0.428472 0.017969 0.087500
0 0.873828 0.316667 0.019531 0.080556
0 0.340234 0.165972 0.013281 0.059722
0 0.944922 0.311111 0.024219 0.075000
0 0.473828 0.194444 0.013281 0.061111
1 0.373047 0.795278 0.012031 0.021389
0 0.669922 0.156944 0.014844 0.055556
0 0.694531 0.200694 0.014063 0.056944
0 0.544531 0.636806 0.023438 0.109722
0 0.652906 0.135444 0.011297 0.058694
0 0.704688 0.426389 0.017188 0.080556
0 0.044922 0.488889 0.022656 0.088889
0 0.329297 0.768750 0.042969 0.126389
