0 0.039062 0.112500 0.017188 0.058333
0 0.687500 0.936111 0.040625 0.125000
0 0.287109 0.668750 0.030469 0.104167
0 0.408984 0.352778 0.017969 0.083333
0 0.219531 0.465278 0.018750 0.086111
0 0.789844 0.590972 0.025000 0.104167
0 0.507812 0.493750 0.021875 0.104167
0 0.569922 0.684722 0.019531 0.108333
0 0.331250 0.261806 0.015625 0.065278
0 0.412891 0.500694 0.019531 0.104167
0 0.864453 0.520139 0.022656 0.087500
0 0.916016 0.621528 0.019531 0.104167
0 0.705859 0.413889 0.017969 0.080556
0 0.575781 0.542361 0.021875 0.095833
0 0.890234 0.570139 0.014844 0.101389
0 0.783594 0.354167 0.015625 0.069444
0 0.564063 0.277083 0.015625 0.073611
0 0.692578 0.232639 0.014844 0.065278
0 0.662500 0.286806 0.015625 0.076389
0 0.578125 0.980556 0.057813 0.038889
1 0.299301 0.722375 0.016508 0.027806
0 0.665500 0.235840 0.015641 0.049431
0 0.530836 0.125403 0.019109 0.063333
