0 0.842969 0.656250 0.026562 0.143056
0 0.855469 0.909722 0.042188 0.161111
0 0.682422 0.602083 0.027344 0.140278
0 0.834375 0.497917 0.026562 0.123611
0 0.630469 0.480556 0.026562 0.119444
0 0.451562 0.584028 0.042188 0.120833
0 0.951562 0.760417 0.031250 0.145833
0 0.176172 0.652778 0.032031 0.133333
0 0.954297 0.369444 0.022656 0.102778
0 0.202344 0.646528 0.031250 0.129167
0 0.969141 0.455556 0.022656 0.116667
0 0.288672 0.423611 0.021094 0.111111
0 0.736719 0.286806 0.020313 0.098611
1 0.325391 0.481319 0.012031 0.021250
0 0.018477 0.289167 0.019297 0.096667
