0 0.015449 0.795771 0.030852 0.136736
0 0.159062 0.604528 0.025250 0.122167
0 0.624152 0.622181 0.026148 0.116917
0 0.682270 0.381576 0.019070 0.088403
0 0.458691 0.335299 0.017211 0.088958
0 0.449887 0.546243 0.025320 0.115375
0 0.550660 0.339694 0.030695 0.078556
0 0.908742 0.241646 0.021594 0.073569
0 0.795363 0.257535 0.018133 0.062347
1 0.782355 0.286812 0.011289 0.021625
0 0.536324 0.448701 0.023289 0.101986
0 0.296832 0.451111 0.023070 0.100861
0 0.852371 0.339958 0.018492 0.093861
0 0.506977 0.269757 0.016078 0.088236
0 0.371336 0.498396 0.022063 0.102542
0 0.761562 0.289375 0.031094 0.087639
