0 0.993480 0.428882 0.013039 0.095819
0 0.707766 0.392632 0.011922 0.077375
0 0.797883 0.341653 0.013625 0.079000
0 0.976906 0.373007 0.013344 0.083014
0 0.263484 0.381160 0.017266 0.075542
0 0.466195 0.352257 0.017781 0.071792
0 0.381457 0.257174 0.013180 0.068986
0 0.493891 0.452424 0.016547 0.081653
0 0.361949 0.513576 0.018305 0.081764
0 0.607301 0.446194 0.023398 0.087972
0 0.118402 0.752958 0.021352 0.117194
0 0.755605 0.674125 0.024055 0.104250
0 0.695352 0.308361 0.019203 0.062528
1 0.285859 0.414778 0.013594 0.024056
0 0.964602 0.233063 0.021859 0.061347
0 0.952445 0.387667 0.015125 0.083917
0 0.445262 0.192590 0.016508 0.064875
