0 0.487500 0.582639 0.017188 0.095833
0 0.514844 0.530556 0.020313 0.094444
0 0.390781 0.689583 0.028437 0.112500
0 0.901563 0.649306 0.021875 0.109722
0 0.362500 0.513194 0.025000 0.087500
0 0.170313 0.672917 0.026562 0.081944
0 0.698828 0.460417 0.021094 0.084722
0 0.587109 0.513889 0.019531 0.097222
0 0.857031 0.339583 0.014063 0.079167
0 0.893750 0.381944 0.020313 0.077778
0 0.659375 0.497222 0.018750 0.097222
0 0.740234 0.311806 0.014844 0.079167
0 0.564063 0.336806 0.018750 0.081944
0 0.248047 0.288194 0.021094 0.076389
0 0.620703 0.281250 0.017969 0.070833
0 0.587500 0.297222 0.023438 0.075000
0 0.684766 0.255556 0.022656 0.066667
0 0.337500 0.203472 0.012500 0.070833
1 0.407031 0.703069 0.014766 0.026250
0 0.812766 0.135444 0.014766 0.061778
0 0.429688 0.418056 0.021875 0.083333
0 0.302344 0.625694 0.020313 0.090278
