0 0.344406 0.294646 0.027453 0.057764
0 0.481621 0.393181 0.020086 0.059361
0 0.680227 0.528000 0.026297 0.065528
0 0.788715 0.325924 0.022102 0.062375
0 0.418426 0.348528 0.019398 0.062944
0 0.710234 0.659403 0.022625 0.088806
0 0.352363 0.693507 0.024195 0.101875
0 0.194152 0.535375 0.025523 0.082056
0 0.225996 0.640611 0.036930 0.099306
0 0.592996 0.648583 0.027430 0.090083
0 0.101703 0.521396 0.037703 0.087708
0 0.981012 0.794854 0.033789 0.114597
0 0.133492 0.706632 0.024078 0.108542
0 0.172984 0.409174 0.022937 0.070069
1 0.742617 0.687917 0.013672 0.026111
0 0.447895 0.396299 0.026773 0.064347
