0 0.582422 0.183333 0.024219 0.100000
0 0.058594 0.895833 0.037500 0.172222
0 0.718359 0.791667 0.042969 0.152778
0 0.897656 0.611111 0.070312 0.130556
0 0.601953 0.604861 0.028906 0.145833
0 0.412109 0.522917 0.033594 0.112500
0 0.880469 0.440278 0.034375 0.122222
0 0.836328 0.516667 0.030469 0.127778
0 0.497656 0.128472 0.028125 0.098611
0 0.021094 0.636806 0.040625 0.148611
0 0.324219 0.201389 0.020313 0.111111
0 0.447266 0.356944 0.039844 0.111111
0 0.666406 0.501389 0.034375 0.119444
0 0.696875 0.462500 0.035937 0.130556
0 0.010937 0.340972 0.021875 0.123611
1 0.799727 0.568958 0.013984 0.027639
