0 0.750781 0.470833 0.018750 0.069444
0 0.712891 0.761111 0.038281 0.122222
0 0.354687 0.899306 0.032813 0.154167
0 0.781641 0.929167 0.028906 0.141667
0 0.389062 0.709028 0.046875 0.087500
0 0.554688 0.954167 0.032813 0.091667
0 0.133984 0.488889 0.017969 0.083333
0 0.477344 0.606250 0.021875 0.101389
0 0.827734 0.550000 0.017969 0.088889
0 0.254297 0.421528 0.019531 0.062500
0 0.329688 0.545833 0.018750 0.086111
0 0.177344 0.469444 0.017188 0.072222
0 0.417969 0.475000 0.014063 0.075000
0 0.331641 0.434028 0.013281 0.059722
0 0.303516 0.363194 0.014844 0.054167
0 0.602734 0.560417 0.017969 0.079167
0 0.814844 0.401389 0.017188 0.063889
0 0.380469 0.495833 0.012500 0.080556
0 0.733594 0.352083 0.010937 0.048611
0 0.382305 0.618264 0.026016 0.088472
1 0.617840 0.651424 0.013039 0.025153
0 0.618293 0.588118 0.020164 0.091125
