0 0.485938 0.520139 0.026562 0.093056
0 0.615625 0.621528 0.023438 0.104167
0 0.021484 0.408333 0.025781 0.091667
0 0.941016 0.588889 0.027344 0.113889
0 0.916406 0.445139 0.021875 0.095833
0 0.244922 0.303472 0.017969 0.073611
0 0.424609 0.332639 0.030469 0.073611
0 0.848828 0.928472 0.036719 0.134722
0 0.351562 0.452778 0.021875 0.088889
0 0.990234 0.500000 0.019531 0.097222
0 0.551172 0.294444 0.017969 0.072222
0 0.731641 0.489583 0.021094 0.087500
0 0.764062 0.433333 0.017188 0.091667
0 0.750391 0.331250 0.017969 0.081944
0 0.653516 0.253472 0.024219 0.062500
0 0.808594 0.309722 0.015625 0.077778
0 0.900781 0.254861 0.014063 0.062500
0 0.400000 0.238194 0.015625 0.062500
1 0.430270 0.267139 0.013039 0.026917
0 0.701598 0.275160 0.020055 0.082208
0 0.769809 0.198486 0.018055 0.067944
