0 0.441258 0.363819 0.018734 0.072361
0 0.082301 0.594854 0.025477 0.105236
0 0.121500 0.601243 0.021375 0.109708
0 0.185367 0.665472 0.020828 0.103111
0 0.029941 0.509229 0.016883 0.082792
0 0.212707 0.349618 0.019008 0.078597
0 0.495090 0.484812 0.015508 0.078819
0 0.207715 0.471215 0.014773 0.078486
0 0.132414 0.413611 0.018078 0.085111
0 0.222598 0.941708 0.031023 0.110667
0 0.677086 0.594243 0.026938 0.097403
0 0.718063 0.417465 0.017609 0.072264
0 0.651164 0.423653 0.023609 0.068917
0 0.079922 0.471500 0.014031 0.086667
0 0.554602 0.499625 0.018156 0.088139
0 0.104566 0.433299 0.017727 0.071819
0 0.626551 0.254424 0.013305 0.058347
1 0.730211 0.461361 0.014797 0.027833
0 0.441348 0.310750 0.015633 0.063333
0 0.291914 0.213458 0.020859 0.063306
