0 0.314453 0.907639 0.035156 0.168056
0 0.987500 0.431944 0.025000 0.138889
0 0.707031 0.524306 0.029687 0.129167
0 0.214453 0.616667 0.033594 0.147222
0 0.603906 0.324306 0.025000 0.098611
0 0.182812 0.359028 0.025000 0.126389
0 0.692187 0.478472 0.025000 0.126389
0 0.442188 0.293750 0.026562 0.101389
1 0.450836 0.350965 0.016047 0.026958
0 0.494531 0.466667 0.035937 0.125000
0 0.721484 0.751389 0.033594 0.155556
0 0.274609 0.559028 0.035156 0.140278
0 0.546875 0.409722 0.039062 0.116667
0 0.772266 0.901389 0.035156 0.166667
