0 0.678125 0.786806 0.029687 0.137500
0 0.143750 0.421528 0.035937 0.104167
0 0.422656 0.478472 0.026562 0.104167
0 0.640234 0.351389 0.022656 0.097222
0 0.104688 0.900694 0.028125 0.154167
0 0.904687 0.531250 0.026562 0.115278
0 0.677734 0.361806 0.022656 0.093056
0 0.399609 0.251389 0.021094 0.088889
1 0.174781 0.468076 0.014703 0.027986
0 0.801953 0.744444 0.028906 0.125000
0 0.885938 0.621528 0.034375 0.129167
0 0.967578 0.660417 0.039844 0.137500
0 0.710156 0.411806 0.028125 0.109722
0 0.608594 0.599306 0.025000 0.118056
0 0.467578 0.565972 0.033594 0.126389
0 0.517188 0.477778 0.023438 0.111111
0 0.126172 0.579167 0.025781 0.119444
