0 0.652344 0.483333 0.023438 0.113889
0 0.821875 0.311111 0.020313 0.083333
0 0.499609 0.494444 0.021094 0.108333
0 0.828906 0.256250 0.018750 0.070833
1 0.278500 0.518104 0.013625 0.027958
0 0.085547 0.133125 0.014844 0.067083
0 0.280859 0.449306 0.022656 0.098611
0 0.711328 0.650694 0.022656 0.120833
0 0.893359 0.404861 0.021094 0.118056
0 0.809766 0.859028 0.030469 0.137500
0 0.314453 0.626389 0.024219 0.122222
0 0.439063 0.754167 0.026562 0.130556
0 0.852734 0.751389 0.027344 0.138889
0 0.649609 0.741667 0.022656 0.133333
0 0.283594 0.272917 0.026562 0.087500
0 0.258594 0.380556 0.020313 0.097222
