0 0.779687 0.481944 0.017188 0.091667
0 0.741406 0.474306 0.017188 0.093056
0 0.561719 0.499306 0.020313 0.087500
0 0.344141 0.321528 0.016406 0.081944
0 0.716016 0.357639 0.016406 0.081944
0 0.600781 0.493750 0.023438 0.093056
0 0.486719 0.361806 0.023438 0.076389
0 0.268750 0.225000 0.014063 0.063889
0 0.555469 0.320139 0.015625 0.076389
0 0.408594 0.249306 0.015625 0.059722
0 0.826172 0.300000 0.017969 0.075000
0 0.385937 0.296528 0.012500 0.070833
0 0.990625 0.730556 0.018750 0.119444
0 0.573828 0.319444 0.011719 0.072222
0 0.446875 0.275694 0.015625 0.070833
0 0.617969 0.385417 0.014063 0.079167
1 0.221133 0.459722 0.014047 0.026944
0 0.612277 0.444569 0.016148 0.085778
0 0.452734 0.494444 0.025781 0.094444
0 0.197266 0.428472 0.022656 0.090278
