0 0.670703 0.414583 0.017969 0.104167
0 0.128516 0.263194 0.024219 0.095833
0 0.678906 0.586806 0.028125 0.118056
0 0.064844 0.435417 0.025000 0.106944
0 0.281250 0.508333 0.026562 0.111111
0 0.929297 0.697917 0.030469 0.120833
0 0.383594 0.302778 0.023438 0.097222
0 0.606250 0.450694 0.020313 0.093056
0 0.325391 0.892361 0.028906 0.156944
0 0.622656 0.260417 0.017188 0.090278
0 0.522656 0.332639 0.034375 0.090278
0 0.932031 0.467361 0.029687 0.115278
0 0.793359 0.525694 0.014844 0.109722
0 0.916406 0.282639 0.021875 0.095833
0 0.303906 0.325694 0.017188 0.093056
0 0.445312 0.263889 0.015625 0.088889
0 0.839453 0.216667 0.021094 0.088889
0 0.862891 0.222222 0.022656 0.088889
1 0.291297 0.559590 0.014141 0.026931
0 0.698547 0.152153 0.014125 0.075139
0 0.712078 0.144097 0.017156 0.076861
