0 0.641406 0.406944 0.032813 0.066667
0 0.326172 0.489583 0.022656 0.098611
0 0.334375 0.653472 0.028125 0.115278
0 0.008984 0.543750 0.017969 0.104167
0 0.754297 0.325000 0.025781 0.075000
0 0.405859 0.461806 0.025781 0.093056
0 0.461719 0.352083 0.023438 0.073611
0 0.600781 0.410417 0.025000 0.084722
0 0.221094 0.311806 0.017188 0.079167
0 0.348438 0.330556 0.015625 0.072222
0 0.185547 0.319444 0.019531 0.083333
0 0.403906 0.302778 0.028125 0.080556
0 0.340234 0.254167 0.025781 0.080556
0 0.092188 0.202083 0.015625 0.070833
0 0.189453 0.243056 0.011719 0.080556
0 0.371094 0.285417 0.020313 0.070833
1 0.582738 0.419694 0.013039 0.028528
0 0.635156 0.812500 0.045312 0.138889
0 0.668750 0.494444 0.020313 0.100000
